train <- train[-c(), ]
train <- train[-c(), ]
train <- train[-c(39934, 59901), ]
train <- train[-c(), ]
train <- train[-c(), ]
train <- train[-c(, 6978), ]
train <- train[-c(), ]
train <- train[-c(981, 2570, 3623, 6370, 14145, 18920, 20783, 24218, 26488, 26714, 30990, 38800, 39732, 39740, 44436, 46359, 49697, 50204, 51688, 56557, 60765, 66021, 68027, 9723), ]
train <- train[-c(3629, 11600, 14871, 19089, 19102, 26986, 37993, 42844, 43436, 43760, 47293, 47692, 49750, 51311, 64714), ]
train <- train[-c(16149), ]
train <- train[-c(), ]
train <- train[-c(), ]
train <- train[-c(), ]
train <- train[-c(12407, 15534, 16216, 18349, 26990, 32727, 32814, 36735, 41233, 46833, 47825, 48360, 49621, 52775, 55231, 61065, 65552), ]
train <- train[-c(917, 5817, 6034, 13432, 17104, 17310, 22371, 36508, 43263, 49980, 53975, 54643, 61002, 69513, 69709, 65359), ]
train <- train[-c(), ]
train <- train[-c(5246, 11958, 15825, 20834, 23293, 25865, 37747, 40007, 52844, 59877, 61965, 62198, 63268, 65399, 65747, 66829, 67850, 69622, 71710, 26231), ]
train <- train[-c(), ]
train <- train[-c(5244, 11954, 15820, 23286, 25856, 26222, 37736, 39994, 52827, 59855, 61941, 62173, 63242, 65370, 65718, 66799, 67820, 69591, 71679, 20828), ]
train <- train[-c(576, 740, 2258, 3115, 3416, 4039, 6081, 6128, 6182, 7297, 7764, 7765, 8310, 9593, 9727, 10810, 11352, 12539, 13075, 13696, 14093, 14173, 14208, 14296, 14318, 15286, 15310, 16383, 17274, 17957, 18394, 19460, 19606, 22579, 23031, 23332, 23563, 24370, 25264, 26368, 26404, 26643, 27164, 27208, 28307, 28406, 28879, 31189, 31352, 31507, 31954, 32577, 32705, 33863, 35384, 36216, 36274, 36882, 39149, 39696, 39918, 40991, 41862, 42923, 43332, 45261, 45962, 45989, 46265, 46266, 46439, 48126, 49152, 49730, 51303, 51913, 52176, 52674, 53164, 55084, 55771, 55873, 56403, 56543, 57251, 58028, 58400, 58907, 59037, 59068, 59070, 59184, 59601, 59884, 59905, 60793, 61503, 61805, 61883, 62947, 63038, 63542, 63618, 63695, 63835, 64322, 66208, 66552, 67579, 68062, 68117, 68401, 68889, 69010, 69651, 69952, 70706, 2519, 6395, 17354, 24901, 30037, 46347), ]
train <- train[-c(20625), ]
train <- train[-c(), ]
train <- train[-c(642, 5598, 6167, 8843, 13190, 13437, 14925, 20815, 24528, 30273, 34948, 37538, 40874, 41177, 47023, 47117, 48683, 53132, 53728, 62597, 65638, 66006, 69624, 12621), ]
train <- train[-c(3862, 27191, 35592, 41773, 46282, 53865, 53886, 61205, 62451, 63407, 68687, 11769), ]
train <- train[-c(), ]
train <- train[-c(, 38908), ]
train <- train[-c(), ]
train <- train[-c(5593, 6160, 8834, 12611, 13179, 13426, 14913, 20801, 24513, 30256, 34929, 37517, 41153, 46994, 47088, 48654, 53098, 53694, 62556, 65596, 65963, 69581, 641, 40850), ]
train <- train[-c(), ]
train <- train[-c(1455, 4170, 20453, 21296, 25550, 25834, 27093, 31115, 42483, 56424, 59636, 63338, 66754, 67078, 38261, 42995), ]
train <- train[-c(38645), ]
train <- train[-c(3719, 6065, 20355, 24744, 28485, 28509, 30220, 34976, 37718, 43292, 44298, 56747, 63735, 67186, 28892, 28918), ]
train <- train[-c(925, 2071, 12640, 19435, 20602, 21896, 26410, 36356, 62283, 64567, 8683), ]
train <- train[-c(12871, 14571, 15689, 15836, 16781, 22185, 27980, 36183, 36614, 38689, 41026, 43388, 43677, 44567, 45315, 54674, 56827, 57789, 58037, 58739, 65582, 66870, 68335, 45746, 56294), ]
train <- train[-c(), ]
train <- train[-c(212, 660, 949, 1629, 2125, 2532, 2805, 3783, 4353, 5386, 6495, 6506, 6909, 8225, 8727, 9064, 9079, 9357, 9589, 9657, 9812, 9840, 11778, 13062, 13980, 15049, 15099, 15975, 16170, 17088, 17843, 18102, 18343, 18445, 18862, 20519, 21180, 22513, 23721, 24299, 24342, 24756, 25620, 25782, 26140, 26734, 26826, 27931, 28342, 30366, 30528, 31428, 31484, 31613, 32665, 32976, 33080, 33922, 33952, 33968, 34590, 35220, 35298, 36215, 36615, 36770, 37118, 37353, 38388, 38842, 41652, 41931, 42013, 42436, 43241, 43624, 43729, 43874, 44120, 44533, 44904, 45005, 45520, 46649, 47039, 47058, 48205, 48230, 48388, 48690, 48904, 49415, 49672, 50299, 50991, 51089, 51199, 52638, 53383, 53504, 53762, 53967, 54767, 54993, 55686, 56332, 57032, 57531, 57539, 58695, 58776, 59277, 60520, 61070, 61647, 63483, 64224, 65058, 65926, 65937, 66123, 66174, 66720, 67193, 67606, 67962, 68559, 68969, 69096, 69427, 69479, 70019, 70028, 70488, 70596, 70656, 70793, 71052, 71181, 71650, 6131, 28992, 32951, 36363, 39700, 40571, 53640, 70444, 71447), ]
train <- train[-c(), ]
train <- train[-c(), ]
train <- train[-c(), ]
train <- train[-c(), ]
train <- train[-c(), ]
train <- train[-c(), ]
train <- train[-c(573, 734, 2242, 2498, 3383, 3996, 6018, 6065, 6117, 6330, 7230, 7695, 7696, 8233, 9504, 9638, 10715, 11256, 12431, 12963, 13576, 13969, 14047, 14082, 14169, 15149, 15173, 16240, 17128, 17208, 17807, 18244, 19302, 19445, 22400, 22849, 23146, 23375, 24179, 24707, 25067, 26159, 26195, 26432, 26944, 26988, 28084, 28183, 28651, 29800, 30948, 31109, 31264, 31711, 32326, 32452, 33599, 35106, 35932, 35990, 36590, 38845, 39386, 39602, 40671, 41530, 42582, 42989, 45601, 45628, 45901, 45902, 45983, 46074, 47749, 48767, 49342, 50900, 51509, 51769, 52265, 52752, 54655, 55334, 55959, 56097, 56793, 57566, 57937, 58441, 58601, 58603, 58716, 59130, 59410, 59431, 60306, 61011, 61312, 61390, 62439, 62530, 63029, 63104, 63319, 63804, 65667, 66002, 67020, 67501, 67556, 67840, 68328, 68449, 69090, 70145, 3087, 14190, 44903, 55435, 58570, 63179, 69391), ]
train <- train[-c(26147), ]
train <- train[-c(11879, 13250, 21791), ]
train <- train[-c(17808, 32697, 35008, 37778, 46535, 54645, 40465), ]
train <- train[-c(), ]
train <- train[-c(), ]
train <- train[-c(1767, 11661, 14937, 15918, 35690, 36688, 37793, 40073, 41032, 48540, 63745, 39051), ]
train <- train[-c(), ]
train <- train[-c(), ]
train <- train[-c(), ]
train <- train[-c(2358, 2381, 4377, 4694, 5062, 7704, 10514, 15224, 23414, 37455, 41459, 44471, 45265, 50431, 54575, 55021, 55041, 62515, 65186, 69739, 23101, 69018), ]
train <- train[-c(3820, 11660, 26933, 35258, 41376, 45842, 53352, 53373, 61846, 62788, 68013, 60612), ]
train <- train[-c(64376), ]
train <- train[-c(17773, 32643, 34946, 37705, 40388, 46449, 54544), ]
train <- train[-c(1610, 4890, 13094, 15335, 18099, 18686, 31514, 33657, 38168, 42897, 43639, 47172, 50663, 52721, 57265, 57640, 67248, 68848), ]
train <- train[-c(5122, 11684, 15448, 20367, 22761, 25271, 25630, 36888, 39094, 51642, 58505, 60538, 60768, 63877, 64214, 65268, 68041, 70129, 66272), ]
train <- train[-c(2775, 15703, 17652, 17974, 23076, 23691, 24177, 27303, 27874, 28069, 29428, 39632, 40961, 41440, 44690, 52219, 55582, 63683, 64603, 66396, 67300), ]
train <- train[-c(975, 6007, 9446, 13704, 18212, 18372, 18401, 20183, 21564, 21833, 23659, 25561, 32839, 37857, 38055, 39269, 41093, 47447, 48947, 54352, 54871, 57650, 60310, 15137, 30490), ]
train <- train[-c(), ]
train <- train[-c(), ]
train <- train[-c(), ]
train <- train[-c(), ]
train <- train[-c(), ]
train <- train[-c(), ]
train <- train[-c(), ]
train <- train[-c(), ]
train <- train[-c(), ]
train <- train[-c(), ]
train <- train[-c(6585, 13511, 13810, 19846, 20229, 22292, 22816, 23826, 28331, 30525, 33560, 37993, 38431, 46238, 46777, 47062, 50356, 50962, 52539, 58023, 59515, 60911, 63893, 66856), ]
train <- train[-c(), ]
train <- train[-c(), ]
train <- train[-c(), ]
train <- train[-c(30607), ]
train <- train[-c(), ]
train <- train[-c(), ]
train <- train[-c(), ]
train <- train[-c(), ]
train <- train[-c(64603), ]
train <- train[-c(), ]
train <- train[-c(1780, 2677, 6698, 6994, 7009, 7365, 13985, 14791, 21650, 22506, 23691, 24155, 25164, 25436, 27813, 33709, 56873, 62896, 66313, 68386, 68848), ]
train <- train[-c(), ]
train <- train[-c(), ]
train <- train[-c(3540, 19311, 23464, 27023, 27046, 27408, 27434, 28671, 33164, 41094, 42037, 53837, 60489, 63827, 35788), ]
train <- train[-c(106, 2901, 7834, 13824, 18561, 21950, 25101, 26647, 33217, 37140, 39006, 42358, 42780, 50007, 56033, 57382, 59079, 62233, 67067, 42103), ]
train <- train[-c(), ]
train <- train[-c(1050, 9334, 12215, 12933, 24908, 25655, 26302, 28337, 29737, 37070, 39181, 39238, 41932, 43533, 44089, 44833, 46864, 47134, 47960, 48673, 50305, 52957, 53439, 59104, 62423, 64570, 65853, 67196, 68226, 68305, 23743, 25675), ]
train <- train[-c(), ]
train <- train[-c(7194, 19128, 19575, 29772, 37232, 43095, 45107, 59941, 61914, 23826), ]
train <- train[-c(), ]
train <- train[-c(1549, 9082, 14246, 48528, 66058), ]
train <- train[-c(3389, 3910, 4484, 6403, 16780, 17653, 20631, 22816, 23280, 23285, 24301, 28956, 31312, 32854, 34159, 44015, 46392, 50265, 52404, 53013, 53283, 59424, 62278, 65763), ]
train <- train[-c(329, 1876, 2055, 2470, 3419, 3721, 10226, 13308, 15007, 21207, 24914, 26722, 28515, 34589, 40333, 42565, 58806, 61394, 62489, 64416, 66214, 67281, 28178, 30130, 53013, 53268), ]
train <- train[-c(), ]
train <- train[-c(), ]
train <- train[-c(), ]
train <- train[-c(), ]
train <- train[-c(), ]
train <- train[-c(29344), ]
train <- train[-c(), ]
train <- train[-c(12009, 14655, 15678, 20770, 26183, 33855, 34263, 38404, 40602, 41688, 42777, 51119, 52638, 53146, 54058, 54296, 54961, 62646, 64100, 14791, 42380, 61380), ]
train <- train[-c(9203, 12037, 12747, 23422, 24575, 25305, 25325, 25944, 27951, 29328, 36567, 38638, 38693, 41341, 42908, 43460, 44192, 46190, 46455, 47266, 47971, 49579, 52199, 52678, 58264, 61549, 63696, 64979, 66322, 67431, 1034, 67352), ]
train <- train[-c(14588), ]
train <- train[-c(), ]
train <- train[-c(105, 2859, 13609, 18288, 21632, 24729, 32724, 36591, 38414, 41452, 41700, 42114, 49220, 55159, 56488, 58161, 61278, 66112, 7712, 26246), ]
train <- train[-c(2393, 2859, 3324, 3482, 4513, 7746, 13495, 14997, 19224, 20100, 25695, 26598, 31653, 32217, 36105, 39168, 41322, 46125, 47364, 53228, 54520, 55939, 55950, 65159, 65621, 65878, 12278, 61767), ]
train <- train[-c(), ]
train <- train[-c(4872, 14669, 19365, 21651, 24031, 24379, 35089, 37198, 49071, 55625, 57551, 57768, 60749, 61083, 62127, 63131, 64900, 66988, 11093), ]
train <- train[-c(), ]
train <- train[-c(), ]
train <- train[-c(), ]
train <- train[-c(), ]
train <- train[-c(536, 688, 2339, 2903, 3179, 3756, 5631, 5721, 5908, 6741, 7180, 7181, 7685, 8899, 9027, 10033, 10532, 11616, 12109, 12686, 13056, 13126, 13237, 13258, 14161, 14184, 15195, 16021, 16096, 16653, 17066, 18212, 20986, 21403, 21678, 21888, 22625, 23117, 23463, 24499, 24533, 24757, 25233, 26285, 26375, 26817, 27899, 29100, 29245, 29655, 30228, 30350, 32853, 33639, 33696, 36390, 36895, 38081, 38882, 39869, 40244, 42010, 42653, 42679, 42933, 42934, 43010, 43096, 45617, 47608, 48416, 48882, 49338, 51115, 51747, 51843, 52336, 53133, 53864, 54220, 54696, 54844, 54846, 55338, 55593, 56428, 57092, 57367, 57441, 58428, 58511, 58980, 59250, 59704, 61501, 61831, 62836, 63317, 63372, 63656, 64144, 64265, 64906, 65207, 65961, 18079, 25276, 28954, 34264, 44666, 46150, 59051, 59117), ]
train <- train[-c(), ]
train <- train[-c(11956, 14591, 14725, 15610, 20678, 26059, 33707, 34109, 38216, 40407, 41485, 42172, 42568, 50863, 52373, 52879, 53788, 61075, 62341, 63795, 54024, 54685), ]
train <- train[-c(), ]
train <- train[-c(10174), ]
train <- train[-c(), ]
train <- train[-c(), ]
train <- train[-c(), ]
train <- train[-c(), ]
train <- train[-c(2066, 2573, 15703, 20104, 28409, 28482, 30219, 30496, 30622, 31395, 32028, 34159, 43632, 43742, 44116, 46777, 46907, 50705, 56658, 56768), ]
train <- train[-c(), ]
train <- train[-c(104, 2820, 7600, 13407, 18029, 24370, 25870, 32269, 36088, 37869, 40862, 41108, 41517, 48520, 54376, 55683, 57331, 60435, 65269, 21321), ]
train <- train[-c(1719, 9992, 20301, 21609, 23544, 23949, 34879, 37690, 38174, 41997, 50821, 55510, 57241, 59756, 64911, 56260), ]
train <- train[-c(2207, 2649, 4750, 6568, 10401, 10424, 10739, 13087, 13618, 14360, 14639, 16413, 22903, 23110, 24214, 29526, 29874, 30557, 35199, 39162, 41892, 49456, 50152, 52744, 56695, 59279, 59836, 62134, 35093, 55709, 58283), ]
train <- train[-c(12940), ]
train <- train[-c(64171), ]
train <- train[-c(38822, 54055, 56420, 57670, 58646, 64038, 64266, 10905), ]
train <- train[-c(), ]
train <- train[-c(), ]
train <- train[-c(3805, 5151, 5794, 6282, 6693, 8734, 11531, 20385, 22554, 23186, 31610, 32854, 38211, 41084, 44255, 45085, 45841, 46238, 47518, 47850, 60233, 62896), ]
train <- train[-c(), ]
train <- train[-c(), ]
train <- train[-c(), ]
train <- train[-c(), ]
train <- train[-c(116, 125, 184, 201, 457, 578, 738, 800, 922, 1121, 1431, 1487, 1703, 1833, 2029, 2179, 2346, 2455, 2526, 2550, 2885, 3262, 3264, 3396, 3574, 3612, 3744, 3761, 3775, 3959, 4321, 4342, 4370, 4381, 4506, 4676, 4744, 4813, 5045, 5106, 5195, 5263, 5303, 5314, 5496, 5649, 5735, 5954, 5964, 6028, 6107, 6147, 6160, 6218, 6271, 6336, 6337, 6343, 6454, 6498, 6515, 6627, 6641, 6801, 6973, 6982, 7069, 7133, 7234, 7450, 7521, 7719, 7823, 7935, 7982, 8026, 8140, 8646, 8653, 8702, 8772, 8917, 9204, 9293, 9541, 9748, 9927, 10317, 10390, 10594, 10724, 10813, 10954, 11026, 11070, 11129, 11152, 11356, 11393, 11420, 11650, 11669, 11755, 11847, 11978, 11994, 12063, 12077, 12162, 12168, 12198, 12288, 12444, 12494, 12645, 12694, 12777, 12840, 12907, 12925, 13035, 13057, 13277, 13301, 13676, 13782, 13830, 13935, 13937, 14247, 14372, 14845, 14875, 14926, 15011, 15052, 15060, 15298, 15299, 15363, 15541, 15866, 16141, 16153, 16162, 16359, 16395, 16404, 16604, 16654, 16759, 16993, 17056, 17102, 17115, 17158, 17310, 17375, 17755, 17761, 17774, 17944, 18341, 18615, 18770, 18809, 18976, 19166, 19188, 19287, 19354, 19445, 19618, 19673, 19871, 19935, 20100, 20195, 20279, 20593, 20809, 20906, 20917, 21129, 21152, 21200, 21243, 21394, 21488, 21576, 21964, 22097, 22312, 22345, 22413, 22418, 22419, 22530, 22544, 22972, 22974, 23121, 23191, 23314, 23339, 23400, 23434, 23513, 23661, 23678, 23850, 23930, 24064, 24087, 24097, 24132, 24159, 24180, 24188, 24225, 24890, 25160, 25321, 25447, 25726, 25833, 25845, 26027, 26441, 26577, 26701, 26806, 26856, 26899, 26901, 26967, 27029, 27132, 27228, 27284, 27370, 27391, 27442, 27479, 27558, 27565, 27602, 27677, 27793, 27865, 27960, 28096, 28121, 28384, 28449, 28476, 28603, 28902, 28965, 29577, 29829, 29846, 29865, 29956, 29967, 30024, 30229, 30314, 30455, 30559, 30621, 30730, 30897, 30912, 30918, 30939, 30956, 31115, 31174, 31177, 31309, 31352, 31353, 31362, 31455, 31477, 31526, 31642, 31734, 31860, 31990, 32050, 32293, 32494, 32543, 32605, 32614, 32641, 33444, 33635, 33810, 33847, 33885, 34077, 34147, 34156, 34201, 34418, 34455, 34499, 34704, 34882, 34936, 35097, 35589, 35675, 36080, 36143, 36311, 36423, 36484, 36624, 36758, 36793, 36885, 37018, 37172, 37666, 37698, 37859, 38004, 38310, 38333, 38420, 38443, 38477, 38939, 38958, 38988, 39033, 39241, 39316, 39408, 39603, 39927, 40077, 40399, 40419, 40437, 40463, 40632, 40701, 40705, 40776, 40886, 41065, 41194, 41201, 41316, 41357, 41427, 41685, 42022, 42113, 42192, 42340, 42603, 42626, 42726, 42834, 43094, 43122, 43152, 43169, 43197, 43270, 43304, 43350, 43366, 43714, 43724, 43797, 43827, 43834, 43846, 43918, 43946, 44138, 44213, 44402, 44540, 44568, 44586, 44667, 44969, 45010, 45200, 45312, 45329, 45416, 45441, 45473, 45632, 45699, 45809, 45909, 45932, 45947, 45971, 45992, 46110, 46186, 46391, 46504, 46790, 47076, 47155, 47214, 47405, 47430, 47462, 47657, 47784, 47788, 47937, 48037, 48197, 48386, 48398, 48410, 48428, 48443, 48719, 48803, 48860, 48882, 49020, 49055, 49162, 49265, 49514, 49559, 49652, 49656, 49719, 50162, 50454, 50578, 50653, 50822, 50835, 50879, 51045, 51309, 51316, 51458, 51807, 52041, 52063, 52316, 52321, 52353, 52460, 52596, 52672, 52838, 52846, 52852, 52853, 52949, 53301, 53338, 53342, 53420, 53609, 53636, 53741, 53772, 54031, 54052, 54171, 54423, 54637, 54660, 54707, 54912, 54991, 55000, 55003, 55254, 55310, 55470, 55484, 55591, 55601, 55721, 55823, 55899, 56182, 56249, 56439, 57141, 57211, 57377, 57858, 57998, 58106, 58555, 58590, 58620, 58631, 58656, 58835, 58906, 59066, 59104, 59129, 59215, 59500, 59526, 59701, 59712, 59731, 59844, 59891, 59895, 59911, 60038, 60044, 60115, 60150, 60502, 60715, 60920, 60924, 61003, 61177, 61509, 61512, 61643, 61658, 61725, 61826, 61933, 61979, 62034, 62119, 62315, 62364, 62642, 62730, 62789, 62897, 63007, 63261, 63529, 63628, 63897, 63936, 63952, 64014, 64072, 64157, 64228, 64256, 64814, 65334, 65396, 65768, 65796, 312, 733, 774, 2580, 4890, 9491, 9925, 10355, 14051, 20709, 21008, 23076, 26283, 27777, 29213, 30147, 35186, 39189, 42380, 44116, 46310, 51198, 51553, 52777, 60970, 61301, 63634, 64098, 65622), ]
train <- train[-c(), ]
train <- train[-c(2158, 2179, 4002, 4285, 4610, 6953, 13797, 20985, 21268, 34071, 37692, 40405, 41127, 45811, 49590, 50014, 56848, 59401, 63220, 63941, 49994), ]
train <- train[-c(), ]
train <- train[-c(313, 1815, 1987, 2381, 3289, 3588, 9846, 12783, 14425, 20397, 23957, 25712, 27101, 27424, 38809, 40957, 51018, 51263, 56593, 59167, 60262, 62189, 63987, 28992, 33307, 65054), ]
train <- train[-c(), ]
train <- train[-c(), ]
train <- train[-c(663, 1309, 2857, 5053, 6468, 7706, 8200, 8413, 12087, 13835, 18484, 19033, 24720, 31603, 34590, 37161, 44962, 54603, 55191, 55674, 56252, 58302, 61230, 11662), ]
train <- train[-c(), ]
train <- train[-c(11533, 14088, 14216, 15070, 19979, 25192, 32606, 32998, 36969, 39077, 40121, 40794, 41178, 49212, 50679, 51163, 52266, 52898, 59183, 60449, 61903, 52038), ]
train <- train[-c(), ]
train <- train[-c(), ]
train <- train[-c(103, 2760, 7405, 13072, 17594, 20790, 23775, 25251, 31497, 35234, 39892, 40133, 47375, 53090, 54368, 55988, 59089, 63923, 36975, 40538), ]
train <- train[-c(), ]
train <- train[-c(), ]
train <- train[-c(), ]
train <- train[-c(50964), ]
train <- train[-c(500, 1871, 5386, 5767, 7800, 8233, 8861, 9648, 9946, 9993, 10491, 10988, 12648, 13894, 14904, 15592, 15621, 16488, 17661, 19473, 19677, 20102, 21980, 23078, 23226, 25149, 27701, 28604, 28717, 29007, 29469, 31844, 33840, 33939, 36441, 36663, 38818, 43369, 47136, 47711, 50812, 55932, 56675, 58103, 61038, 64696, 16263, 49337, 58221), ]
train <- train[-c(41256), ]
train <- train[-c(), ]
train <- train[-c(102, 2753, 7387, 13033, 17545, 20734, 23715, 31412, 35142, 36878, 39791, 40032, 40435, 47261, 52957, 54230, 55846, 58947, 63781, 25186), ]
train <- train[-c(), ]
train <- train[-c(), ]
train <- train[-c(), ]
train <- train[-c(), ]
train <- train[-c(847, 2270, 5576, 8556, 12410, 18325, 21342, 23351, 23554, 34257, 35091, 35099, 39206, 40902, 43840, 45595, 49894, 53596, 58326, 60245, 16668), ]
train <- train[-c(), ]
train <- train[-c(), ]
train <- train[-c(498, 1867, 5375, 5756, 7781, 8214, 8838, 9919, 9965, 10958, 12613, 13857, 14864, 15550, 15578, 16220, 16444, 17613, 19421, 19623, 20045, 21921, 23019, 25086, 27633, 28536, 28647, 28936, 29398, 31766, 33756, 33855, 36352, 36574, 38723, 43267, 47026, 47599, 49220, 50692, 55800, 56543, 57971, 58089, 60906, 64564, 9621, 10463, 23167), ]
train <- train[-c(2154, 2583, 4620, 6374, 10101, 10123, 10426, 12703, 13219, 13944, 14217, 15948, 22257, 22461, 23523, 28691, 29026, 29690, 34123, 34224, 38079, 40745, 48110, 48796, 55147, 56725, 57721, 58278, 60576, 51305, 54184), ]
train <- train[-c(), ]
train <- train[-c(), ]
train <- train[-c(7120, 7250, 8883, 8911, 10994, 11731, 13239, 19539, 27395, 30416, 30581, 32303, 32604, 36313, 36927, 37933, 41126, 42381, 43876, 51579, 56462, 62449, 63093, 63343, 63756, 44666, 59515), ]
train <- train[-c(), ]
train <- train[-c(), ]
train <- train[-c(6336, 7194, 21442, 2323), ]
train <- train[-c(), ]
train <- train[-c(), ]
train <- train[-c(), ]
train <- train[-c(954, 2616, 5557, 7360, 8514, 18932, 27659, 29671, 39178, 42122, 51846, 55278, 10474), ]
train <- train[-c(), ]
train <- train[-c(23436), ]
train <- train[-c(1314, 2938, 4008, 4056, 7668, 8659, 9654, 10623, 11827, 13383, 14300, 15958, 17507, 17658, 18191, 19558, 21172, 21287, 21325, 22173, 23999, 24299, 25439, 25876, 26646, 27394, 28663, 29068, 30090, 30513, 30594, 31053, 31121, 32056, 32500, 35043, 37747, 37833, 39623, 40370, 40574, 42968, 43243, 43558, 45555, 45650, 46488, 46534, 46868, 46916, 47309, 47549, 47612, 48485, 49103, 49642, 50055, 51604, 52002, 52373, 52531, 52579, 53067, 60092, 60910, 61190, 61585, 61645, 62331, 64256, 64649, 2323, 19770, 21828), ]
train <- train[-c(4977, 5457, 7831, 11168, 11671, 11890, 13231, 18518, 21797, 26915, 33431, 36662, 41917, 43324, 47275, 47809, 58588, 58946, 62532, 569, 31085), ]
train <- train[-c(), ]
train <- train[-c(810, 1866, 17323, 19515, 23523, 32422, 55545, 57668, 11204, 18358), ]
train <- train[-c(15948, 29289, 33921, 36322, 49043, 31395), ]
train <- train[-c(842, 2256, 5547, 8505, 12335, 16565, 18213, 21210, 23206, 23408, 34878, 34886, 38974, 40659, 43585, 45334, 53298, 58021, 59940, 34051), ]
train <- train[-c(4972, 5452, 7824, 11156, 11659, 11878, 13219, 18499, 21775, 26892, 31055, 33400, 36628, 43287, 47236, 47770, 58544, 62488, 569, 41880, 58902), ]
train <- train[-c(), ]
train <- train[-c(), ]
train <- train[-c(2061, 2448, 11776, 17661, 18437, 25602, 31199, 40044, 40819, 40931, 41025, 41525, 52406, 56346, 63031, 64519, 44729), ]
train <- train[-c(), ]
train <- train[-c(7083, 7211, 8840, 8867, 10936, 11668, 13175, 19441, 27251, 30260, 30425, 32136, 36120, 36730, 37733, 42157, 43649, 44435, 51320, 56180, 59233, 62167, 62811, 63061, 63474, 32437, 40909), ]
train <- train[-c(), ]
train <- train[-c(), ]
train <- train[-c(), ]
train <- train[-c(), ]
train <- train[-c(830, 7730, 8050, 26986), ]
train <- train[-c(), ]
train <- train[-c(509, 654, 2228, 2774, 3038, 3590, 5351, 5433, 6811, 7299, 8462, 8587, 9542, 10009, 11494, 12037, 12397, 12464, 12569, 12589, 13457, 13477, 14440, 15841, 16236, 17200, 17327, 19937, 20585, 20787, 21501, 21976, 22309, 23289, 23318, 23526, 23982, 24022, 24991, 25078, 25501, 26519, 27521, 27659, 27800, 28194, 28736, 28852, 31253, 32010, 32067, 34630, 35112, 36236, 36993, 37938, 38288, 39979, 40597, 40621, 40871, 40872, 40941, 41023, 42517, 43434, 43938, 45329, 46105, 46543, 48686, 49291, 49380, 49843, 50596, 51286, 51624, 52073, 52210, 52675, 52919, 53701, 54332, 54601, 54670, 55640, 55723, 56186, 56257, 56323, 56456, 56910, 58707, 59037, 60042, 60523, 60578, 60862, 61471, 62112, 62413, 63167, 5608, 6395, 20326, 32609, 52212, 61350), ]
train <- train[-c(), ]
train <- train[-c(1944, 2650, 4408, 6086, 6850, 12971, 13788, 16267, 16793, 21477, 26996, 34902, 42989, 43721, 45038, 48544, 50262, 54585, 57653, 63511, 64347, 19000), ]
train <- train[-c(), ]
train <- train[-c(50381), ]
train <- train[-c(), ]
train <- train[-c(190, 1269, 2554, 3036, 3254, 4767, 6579, 10735, 11400, 11478, 17145, 18448, 19495, 21092, 24660, 27703, 32089, 32461, 33339, 33450, 34870, 35687, 36647, 36653, 37160, 37762, 40539, 50204, 54228, 54434, 57698, 58142, 58548, 59403, 60108, 61063, 62018, 29153, 47665), ]
train <- train[-c(), ]
train <- train[-c(), ]
train <- train[-c(), ]
train <- train[-c(2711, 3147, 3297, 4273, 7316, 11586, 14183, 18180, 19010, 24287, 25155, 29955, 30491, 34179, 37060, 39106, 43681, 44857, 50412, 51628, 52952, 52962, 62055, 62517, 62774, 2262, 58663), ]
train <- train[-c(3700, 18805, 22543, 27431, 33811, 37517, 49838, 55985, 59252, 59570, 37969), ]
train <- train[-c(), ]
train <- train[-c(), ]
train <- train[-c(1656, 9580, 19452, 20697, 22567, 33449, 36608, 40297, 48800, 53255, 53970, 54937, 57448, 62603, 36147), ]
train <- train[-c(), ]
train <- train[-c(978, 8689, 11330, 11999, 22090, 23168, 23855, 23874, 26360, 27663, 34523, 36468, 36519, 39025, 40523, 41047, 41733, 43630, 43882, 44646, 45319, 46831, 49318, 49769, 55027, 58295, 60442, 61725, 63068, 24463, 64098, 64177), ]
train <- train[-c(), ]
train <- train[-c(), ]
train <- train[-c(), ]
train <- train[-c(18200, 22146, 27668, 34636, 40079, 41952, 55801, 57754, 17785), ]
train <- train[-c(), ]
train <- train[-c(), ]
train <- train[-c(1932, 2629, 4377, 6046, 12897, 13708, 16168, 16691, 18887, 21350, 26847, 34708, 42759, 43487, 44801, 48286, 49993, 54294, 57362, 63220, 64056, 6808), ]
train <- train[-c(), ]
train <- train[-c(11938, 21321, 56494, 62751), ]
train <- train[-c(), ]
train <- train[-c(), ]
train <- train[-c(), ]
train <- train[-c(2108, 2523, 4529, 6252, 9916, 9937, 10235, 12472, 12984, 13692, 13960, 15661, 21838, 23078, 28166, 28496, 29143, 33500, 33600, 37375, 40008, 47240, 47915, 50374, 53183, 54137, 55715, 56711, 57268, 22038, 59566), ]
train <- train[-c(), ]
train <- train[-c(), ]
train <- train[-c(), ]
train <- train[-c(), ]
train <- train[-c(), ]
train <- train[-c(), ]
train <- train[-c(), ]
train <- train[-c(), ]
train <- train[-c(), ]
train <- train[-c(869, 5396, 8521, 12311, 13616, 16409, 16555, 16580, 18183, 19666, 21288, 23025, 27460, 29611, 34165, 35442, 37061, 42802, 44155, 49040, 49519, 52005, 54420, 19426), ]
train <- train[-c(), ]
train <- train[-c(), ]
train <- train[-c(29972), ]
train <- train[-c(), ]
train <- train[-c(), ]
train <- train[-c(5650, 7936, 14143, 42260), ]
train <- train[-c(), ]
train <- train[-c(), ]
train <- train[-c(), ]
train <- train[-c(), ]
train <- train[-c(), ]
train <- train[-c(), ]
train <- train[-c(), ]
train <- train[-c(), ]
train <- train[-c(175, 301, 2343, 4692, 5048, 10355, 11638, 14231, 21371, 26161, 26350, 29702, 30037, 31312, 47293, 49395, 53462, 58738, 59378, 59714), ]
train <- train[-c(), ]
train <- train[-c(), ]
train <- train[-c(640, 1265, 2742, 4865, 6215, 7397, 8087, 11185, 11593, 13285, 17747, 18270, 23718, 30354, 33223, 35684, 43202, 52447, 53024, 53505, 54083, 59061, 7879, 56133), ]
train <- train[-c(7495, 9566, 11871, 20785, 23557, 33054, 34757, 40743, 47637, 55220, 56017, 57983, 57990, 59768, 60163, 62818, 63142, 5422, 9146, 32019), ]
train <- train[-c(), ]
train <- train[-c(), ]
train <- train[-c(), ]
train <- train[-c(552, 5294, 7596, 11306, 11519, 12834, 17952, 21119, 26103, 30145, 35540, 40648, 42006, 45837, 46355, 56915, 57273, 60859, 4834), ]
train <- train[-c(), ]
train <- train[-c(2528, 7754, 16093, 18745, 22157, 22267, 26393, 29775, 30139, 31717, 32904, 37269, 48604, 51256, 52458, 52926, 56424, 3638, 50683), ]
train <- train[-c(1895, 2579, 4305, 5932, 6674, 12648, 13435, 15855, 16370, 18515, 20929, 26326, 34034, 41917, 42630, 43917, 47333, 49005, 56313, 62171, 63007, 53245), ]
train <- train[-c(2368, 17141, 17888, 24825, 30275, 38845, 39601, 43382, 50815, 54700, 61385, 62873, 11417, 39711, 39802, 40286), ]
train <- train[-c(), ]
train <- train[-c(1744, 1903, 2269, 3152, 9426, 12236, 13812, 22916, 25948, 26262, 27765, 31908, 37160, 39238, 48876, 49103, 56839, 57934, 59861, 61659, 62726, 301, 3441, 19503, 54265), ]
train <- train[-c(495, 634, 2158, 2690, 2947, 3491, 5199, 5280, 5451, 6209, 6617, 7088, 8226, 8348, 9281, 9727, 11692, 12114, 12219, 12239, 13084, 13103, 14034, 15786, 16727, 19373, 19750, 20006, 20202, 20897, 21358, 21680, 22630, 22864, 23309, 23346, 24294, 24378, 24788, 25789, 26771, 26905, 27044, 27423, 27957, 28068, 30404, 31141, 31197, 31730, 33685, 34157, 35247, 35975, 36895, 37239, 38893, 39499, 39522, 39767, 39768, 39834, 39915, 41354, 42248, 42733, 44087, 44839, 45270, 47346, 47935, 48022, 48474, 49203, 49873, 50200, 50634, 50768, 50770, 51218, 51457, 52223, 52852, 53121, 53190, 54160, 54243, 54706, 54843, 54976, 55430, 57227, 57557, 58562, 59043, 59098, 59382, 59870, 59991, 60632, 60933, 61687, 11162, 12049, 15397, 22659, 54777), ]
train <- train[-c(), ]
train <- train[-c(), ]
train <- train[-c(3424, 10206, 11015, 11093, 16806, 20293, 22524, 27333, 28224, 40538, 40850, 41489, 44869, 49639, 59792), ]
train <- train[-c(), ]
train <- train[-c(542, 5219, 7493, 11152, 11361, 12663, 17721, 20839, 29764, 35087, 40131, 41465, 45251, 45763, 56618, 60204, 25752, 56260), ]
train <- train[-c(), ]
train <- train[-c(), ]
train <- train[-c(11465, 19746, 25675, 26167, 26774, 31724, 35978, 39942, 44666, 47014, 49050, 51251, 52404, 57471, 60515), ]
train <- train[-c(), ]
train <- train[-c(), ]
train <- train[-c(1254, 2198, 2792, 3822, 7258, 9144, 10036, 11180, 13534, 15116, 16593, 16735, 17226, 18500, 18699, 20033, 20174, 20645, 20971, 22700, 22981, 24466, 25212, 25927, 27141, 27528, 28505, 28909, 28984, 29418, 30377, 30801, 33187, 35737, 35816, 37512, 38226, 38418, 40675, 40934, 43130, 43221, 44014, 44379, 44423, 44794, 45017, 45078, 45900, 46480, 46987, 47379, 48834, 49213, 49568, 49763, 50226, 57212, 58030, 58310, 58705, 58765, 59451, 61376, 61769, 3866, 29485, 44058, 49717), ]
train <- train[-c(2162, 2598, 3020, 4102, 6979, 11045, 13530, 17358, 18137, 23166, 23982, 28618, 29132, 32658, 35383, 37335, 41686, 42817, 48115, 49275, 50562, 50572, 56261, 59653, 60115, 3168, 60372), ]
train <- train[-c(17173, 20834, 23979, 23999, 24348, 25459, 36517, 37361, 53988, 57316, 24326, 31872, 47869), ]
train <- train[-c(2320, 11146, 17482, 24228, 29593, 37951, 38685, 38793, 38881, 39356, 42372, 49641, 53520, 61693, 16757, 60205), ]
train <- train[-c(), ]
train <- train[-c(), ]
train <- train[-c(), ]
train <- train[-c(), ]
train <- train[-c(), ]
train <- train[-c(2473, 7570, 15711, 18278, 21604, 21713, 29054, 29411, 30951, 32108, 36344, 47388, 49421, 49985, 51186, 51654, 55152, 25730), ]
train <- train[-c(1252, 2193, 2785, 3812, 3856, 7244, 9127, 10018, 11154, 13504, 15076, 16550, 16691, 17181, 18448, 18647, 19975, 20116, 20585, 20911, 22637, 22916, 24394, 25138, 25851, 27446, 28419, 28822, 29329, 29396, 30285, 30707, 33084, 35623, 35701, 37391, 38102, 38293, 40536, 40794, 43079, 43870, 43914, 44233, 44277, 44648, 44870, 44931, 45749, 46327, 46832, 48675, 49052, 49405, 49554, 49600, 50063, 57049, 57867, 58147, 58542, 58602, 59288, 61213, 61606, 27059, 28896, 42988), ]
train <- train[-c(), ]
train <- train[-c(200, 2808, 4776, 6544, 18552, 24883, 30796, 35875, 40114, 47784, 58811, 13224), ]
train <- train[-c(), ]
train <- train[-c(9582, 11204, 11516, 11912, 13905, 21828, 23822, 24814, 27590, 28405, 28586, 40571, 47310, 55523, 56526, 56814, 58175, 59340), ]
train <- train[-c(2000, 2019, 3726, 3983, 6422, 12744, 19376, 19636, 31515, 34813, 42345, 45836, 46204, 46223, 52730, 55283, 59102, 59823, 37341), ]
train <- train[-c(2123, 17231, 20990, 30719, 32388, 35638, 36176, 46758, 15703), ]
train <- train[-c(107, 116, 287, 422, 530, 672, 676, 736, 849, 1037, 1382, 1575, 1695, 1865, 2002, 2147, 2246, 2368, 2653, 3003, 3133, 3327, 3450, 3466, 3478, 3649, 3978, 3997, 4024, 4149, 4362, 4632, 4684, 4815, 4851, 4860, 5164, 5243, 5439, 5449, 5507, 5579, 5626, 5724, 5781, 5782, 5787, 5886, 5926, 5942, 6047, 6059, 6212, 6370, 6378, 6459, 6517, 6610, 6804, 6868, 7051, 7150, 7256, 7298, 7341, 7450, 7914, 7921, 7966, 8032, 8165, 8429, 8509, 8692, 8737, 8924, 9076, 9078, 9421, 9457, 9485, 9668, 9784, 9869, 10103, 10155, 10178, 10390, 10415, 10625, 10644, 10721, 10807, 10925, 11014, 11091, 11124, 11206, 11352, 11402, 11548, 11597, 11670, 11731, 11795, 11811, 11914, 12141, 12509, 12604, 12648, 12739, 12741, 12845, 13025, 13134, 13579, 13606, 13655, 13736, 13774, 13781, 14002, 14003, 14066, 14232, 14526, 14779, 14797, 14983, 15017, 15026, 15215, 15261, 15355, 15565, 15623, 15666, 15677, 15912, 16267, 16283, 16786, 17171, 17208, 17523, 17545, 17633, 17774, 17982, 18215, 18816, 18919, 19010, 19097, 19192, 19308, 19328, 19373, 19411, 19552, 19638, 19717, 20061, 20183, 20374, 20406, 20468, 20473, 20474, 20577, 20987, 20989, 21084, 21123, 21187, 21301, 21325, 21383, 21413, 21485, 21618, 21634, 21788, 21863, 21984, 22004, 22013, 22044, 22068, 22088, 22096, 22130, 22727, 22974, 23121, 23237, 23486, 23585, 23597, 23761, 24000, 24144, 24268, 24386, 24485, 24571, 24573, 24635, 24694, 24792, 24881, 24935, 25013, 25033, 25084, 25116, 25188, 25229, 25301, 25392, 25407, 25474, 25563, 25686, 25708, 25954, 26017, 26043, 26159, 26433, 26491, 26723, 27058, 27293, 27307, 27324, 27405, 27416, 27470, 27581, 27662, 27742, 27876, 27974, 28028, 28133, 28293, 28312, 28332, 28348, 28548, 28550, 28671, 28709, 28710, 28719, 28806, 28825, 28871, 28976, 29058, 29175, 29296, 29352, 29576, 29765, 29810, 29866, 29874, 29899, 30813, 30972, 31007, 31281, 31287, 31331, 31527, 31557, 31596, 31943, 31989, 32128, 32209, 32567, 32644, 33022, 33081, 33228, 33332, 33385, 33511, 33637, 33667, 33750, 34008, 34456, 34485, 34624, 35036, 35056, 35138, 35161, 35193, 35628, 35655, 35692, 35833, 35883, 35953, 36037, 36212, 36514, 36953, 36971, 36989, 37172, 37237, 37241, 37304, 37406, 37569, 37689, 37695, 37804, 37839, 37905, 38446, 38533, 38604, 38740, 38775, 38974, 38993, 39084, 39184, 39416, 39441, 39469, 39482, 39506, 39574, 39605, 39649, 39663, 39973, 39983, 40053, 40090, 40101, 40170, 40194, 40343, 40365, 40437, 40610, 40738, 40763, 40779, 40856, 41125, 41165, 41343, 41448, 41464, 41566, 41596, 41743, 41809, 41907, 42002, 42023, 42038, 42062, 42082, 42193, 42265, 42385, 42463, 42569, 42829, 43097, 43170, 43396, 43420, 43449, 43629, 43745, 43880, 43972, 44118, 44294, 44303, 44315, 44330, 44344, 44596, 44672, 44746, 44871, 44906, 45004, 45093, 45326, 45366, 45453, 45456, 45515, 45917, 46176, 46290, 46356, 46509, 46522, 46564, 46714, 46853, 46956, 46961, 47087, 47174, 47397, 47614, 47634, 47872, 47876, 47905, 48000, 48126, 48193, 48293, 48348, 48356, 48362, 48363, 48451, 48807, 48811, 48882, 49059, 49085, 49184, 49452, 49472, 49827, 50023, 50044, 50089, 50286, 50358, 50366, 50368, 50611, 50665, 50821, 50835, 50939, 50949, 51066, 51166, 51242, 51522, 51589, 51779, 52550, 52716, 53197, 53337, 53445, 53894, 53929, 53959, 53970, 53995, 54174, 54245, 54405, 54443, 54468, 54554, 54839, 54865, 55040, 55051, 55183, 55230, 55234, 55250, 55377, 55383, 55454, 55489, 55841, 56054, 56259, 56263, 56309, 56342, 56516, 56640, 56848, 56851, 56982, 57064, 57165, 57272, 57318, 57373, 57458, 57703, 57981, 58069, 58128, 58236, 58346, 58600, 58868, 58967, 58973, 59236, 59275, 59411, 59437, 59496, 59567, 59595, 60153, 60673, 60735, 60961, 61107, 61135, 164, 181, 2338, 4425, 4759, 5616, 9996, 10358, 10941, 16435, 18161, 18527, 24531, 25194, 31787, 36651, 38139, 40083, 49211, 52480, 55070, 56997, 57654, 59291, 59353), ]
train <- train[-c(), ]
train <- train[-c(), ]
train <- train[-c(164, 181, 2323, 6994, 7390, 10014, 27053, 27084, 28918, 41694, 44255, 44903, 51084, 56834, 57265, 58837), ]
train <- train[-c(), ]
train <- train[-c(), ]
train <- train[-c(107, 116, 285, 416, 520, 658, 662, 722, 833, 1021, 1360, 1551, 1668, 1835, 2114, 2213, 2305, 2334, 2616, 2960, 3089, 3277, 3399, 3414, 3426, 3595, 3918, 3937, 3964, 4085, 4293, 4352, 4552, 4602, 4673, 4729, 4764, 4773, 5070, 5149, 5353, 5411, 5481, 5517, 5526, 5621, 5678, 5679, 5684, 5783, 5823, 5839, 5944, 5956, 6102, 6265, 6346, 6494, 6685, 6749, 6929, 7026, 7132, 7174, 7216, 7322, 7777, 7784, 7827, 7891, 8021, 8279, 8357, 8534, 8578, 8761, 8909, 9244, 9279, 9307, 9489, 9603, 9685, 9809, 9914, 9966, 9989, 10166, 10198, 10428, 10447, 10520, 10604, 10718, 10734, 10806, 10883, 10915, 10997, 11141, 11191, 11334, 11382, 11513, 11574, 11590, 11690, 11913, 12369, 12411, 12502, 12606, 12786, 12894, 13335, 13362, 13409, 13487, 13525, 13532, 13751, 13752, 13815, 13978, 14270, 14521, 14538, 14722, 14755, 14946, 14991, 15290, 15348, 15390, 15401, 15633, 15979, 15995, 16145, 16484, 16856, 17198, 17220, 17308, 17448, 17654, 17885, 18189, 18476, 18577, 18667, 18750, 18843, 18957, 18977, 19020, 19058, 19194, 19275, 19351, 19685, 19805, 19993, 20024, 20086, 20091, 20092, 20193, 20599, 20601, 20695, 20734, 20798, 20909, 20933, 20991, 21020, 21089, 21233, 21383, 21458, 21576, 21595, 21604, 21634, 21657, 21677, 21685, 21719, 22299, 22541, 22686, 22798, 23044, 23143, 23155, 23319, 23557, 23698, 23935, 24033, 24077, 24116, 24118, 24180, 24238, 24332, 24419, 24473, 24550, 24569, 24619, 24650, 24722, 24728, 24833, 24921, 24936, 25003, 25091, 25212, 25234, 25475, 25538, 25676, 25944, 26001, 26232, 26565, 26796, 26810, 26826, 26972, 27080, 27159, 27237, 27369, 27466, 27518, 27622, 27779, 27798, 27817, 27833, 28030, 28032, 28153, 28191, 28192, 28287, 28305, 28351, 28455, 28535, 28650, 28768, 28823, 29040, 29224, 29268, 29323, 29331, 29356, 30252, 30405, 30440, 30702, 30707, 30750, 30942, 30971, 31008, 31196, 31348, 31393, 31528, 31608, 31959, 32034, 32401, 32459, 32601, 32704, 32757, 32881, 33005, 33035, 33116, 33371, 33812, 33841, 33976, 34380, 34400, 34481, 34502, 34534, 34961, 34988, 35023, 35162, 35212, 35282, 35366, 35538, 35964, 36278, 36296, 36475, 36540, 36544, 36607, 36707, 36865, 36979, 36985, 37093, 37128, 37193, 37418, 37719, 37806, 37873, 38008, 38043, 38239, 38258, 38347, 38445, 38670, 38694, 38722, 38734, 38825, 38852, 38895, 38909, 39213, 39223, 39291, 39321, 39339, 39407, 39577, 39598, 39670, 39841, 39968, 39993, 40009, 40086, 40353, 40393, 40570, 40674, 40690, 40791, 40820, 40967, 41033, 41130, 41225, 41245, 41259, 41282, 41301, 41410, 41481, 41600, 41675, 41777, 42033, 42363, 42584, 42607, 42810, 42924, 43059, 43146, 43289, 43462, 43471, 43497, 43511, 43757, 43832, 43905, 44027, 44061, 44158, 44245, 44476, 44515, 44603, 44661, 45057, 45314, 45427, 45490, 45640, 45652, 45694, 45842, 45979, 46081, 46086, 46212, 46299, 46520, 46736, 46756, 46991, 46995, 47024, 47118, 47242, 47309, 47409, 47464, 47472, 47478, 47479, 47567, 47923, 47927, 47998, 48201, 48300, 48327, 48568, 48588, 48943, 49139, 49160, 49402, 49482, 49484, 49727, 49781, 49937, 49951, 50055, 50065, 50182, 50282, 50358, 50638, 50895, 51596, 51666, 51832, 52313, 52453, 52561, 53010, 53045, 53075, 53086, 53111, 53290, 53361, 53521, 53559, 53584, 53670, 53955, 53981, 54186, 54299, 54346, 54350, 54366, 54493, 54499, 54570, 54605, 54957, 55170, 55375, 55379, 55425, 55458, 55632, 55756, 55964, 55967, 56098, 56113, 56180, 56281, 56388, 56434, 56489, 56574, 56770, 56819, 57097, 57185, 57244, 57352, 57462, 57716, 57984, 58083, 58089, 58352, 58391, 58407, 58469, 58553, 58612, 58683, 58711, 59269, 59789, 59851, 60077, 60223, 60251, 164, 181, 1971, 5343, 6257, 6403, 10223, 11453, 12274, 12504, 14764, 17831, 23822, 24762, 26907, 26918, 28201, 35832, 36260, 38758, 39328, 39431, 44600, 48175, 49205, 49474, 50705, 54156, 54167, 58527), ]
train <- train[-c(), ]
train <- train[-c(), ]
train <- train[-c(4266, 9595, 12708, 18750, 20812, 21100, 30474, 32253, 42570, 48327, 50132, 50343, 53303, 53637, 55685, 57454, 59542, 54681), ]
train <- train[-c(), ]
train <- train[-c(1082, 7847, 9426, 17470, 33048, 42284, 47388, 53188, 54305, 12191, 50979), ]
train <- train[-c(107, 116, 284, 413, 515, 651, 655, 715, 826, 1014, 1350, 1540, 1656, 1820, 1956, 2099, 2198, 2289, 2318, 2598, 2939, 3066, 3252, 3371, 3386, 3398, 3567, 3888, 3907, 3933, 4053, 4256, 4315, 4512, 4560, 4631, 4686, 4721, 4730, 5025, 5104, 5296, 5306, 5363, 5432, 5467, 5476, 5570, 5627, 5628, 5633, 5732, 5772, 5788, 5891, 5903, 6046, 6200, 6208, 6288, 6345, 6436, 6625, 6688, 6867, 6963, 7068, 7108, 7150, 7254, 7701, 7708, 7751, 7814, 7944, 8198, 8275, 8450, 8494, 8675, 8820, 9151, 9186, 9214, 9396, 9509, 9712, 9814, 9866, 9889, 10065, 10097, 10121, 10321, 10340, 10413, 10494, 10608, 10696, 10773, 10804, 10886, 11027, 11077, 11219, 11266, 11337, 11395, 11456, 11472, 11572, 11791, 12285, 12376, 12378, 12480, 12659, 12767, 13204, 13231, 13278, 13393, 13400, 13618, 13619, 13681, 13844, 14134, 14383, 14399, 14579, 14612, 14621, 14800, 14845, 15142, 15200, 15242, 15253, 15480, 15823, 15839, 15986, 16319, 16686, 17027, 17049, 17137, 17276, 17480, 17656, 17708, 18011, 18296, 18393, 18482, 18564, 18656, 18767, 18786, 18829, 18865, 18998, 19078, 19153, 19484, 19603, 19789, 19820, 19882, 19887, 19888, 19988, 20390, 20392, 20484, 20523, 20586, 20695, 20719, 20776, 20805, 20873, 21164, 21236, 21352, 21380, 21410, 21433, 21452, 21460, 21492, 22066, 22304, 22448, 22560, 22806, 22905, 22917, 23080, 23316, 23578, 23688, 23786, 23830, 23870, 23931, 23989, 24082, 24169, 24223, 24300, 24319, 24368, 24399, 24470, 24476, 24510, 24580, 24668, 24683, 24748, 24836, 24955, 24976, 25213, 25275, 25413, 25680, 25737, 26297, 26527, 26541, 26557, 26638, 26649, 26701, 26809, 26887, 26964, 27095, 27191, 27243, 27347, 27503, 27522, 27541, 27557, 27753, 27755, 27876, 27913, 27914, 27923, 28006, 28024, 28172, 28251, 28363, 28479, 28534, 28750, 28932, 28975, 29030, 29038, 29063, 29945, 30095, 30129, 30387, 30392, 30435, 30687, 30875, 31025, 31069, 31202, 31282, 31626, 31700, 32064, 32122, 32263, 32365, 32417, 32541, 32663, 32773, 33025, 33463, 33492, 33626, 34022, 34042, 34143, 34175, 34601, 34627, 34662, 34801, 34851, 34918, 35002, 35173, 35462, 35593, 35887, 35905, 35922, 36099, 36164, 36168, 36230, 36326, 36483, 36596, 36602, 36709, 36744, 36809, 37033, 37332, 37418, 37485, 37618, 37653, 37846, 37865, 37953, 38050, 38270, 38294, 38321, 38333, 38357, 38422, 38449, 38492, 38506, 38809, 38819, 38886, 38916, 38923, 38934, 39002, 39026, 39172, 39193, 39435, 39561, 39585, 39601, 39678, 39944, 39984, 40159, 40262, 40278, 40379, 40552, 40617, 40711, 40805, 40825, 40839, 40862, 40881, 40988, 41058, 41177, 41250, 41352, 41603, 41930, 42150, 42173, 42373, 42486, 42618, 42705, 42846, 43016, 43025, 43051, 43065, 43307, 43381, 43575, 43704, 43790, 44019, 44142, 44145, 44203, 44597, 44849, 44962, 45025, 45175, 45187, 45229, 45376, 45512, 45614, 45619, 45744, 45831, 46049, 46265, 46285, 46520, 46553, 46647, 46771, 46838, 46938, 46993, 47001, 47007, 47008, 47096, 47452, 47456, 47527, 47704, 47730, 47856, 48097, 48117, 48472, 48668, 48689, 48734, 48931, 49003, 49011, 49013, 49256, 49310, 49466, 49480, 49584, 49594, 49711, 49811, 49887, 50167, 50234, 50424, 51125, 51195, 51361, 51842, 51982, 52090, 52574, 52604, 52615, 52640, 52819, 52890, 53050, 53088, 53113, 53199, 53484, 53510, 53685, 53696, 53715, 53828, 53875, 53879, 53895, 54022, 54028, 54099, 54134, 54486, 54699, 54904, 54908, 54954, 54987, 55161, 55285, 55493, 55496, 55627, 55642, 55810, 55917, 55963, 56018, 56103, 56348, 56626, 56714, 56773, 56881, 56991, 57245, 57513, 57612, 57618, 57881, 57920, 57936, 57998, 58056, 58082, 58141, 58212, 58240, 58798, 59318, 59380, 59606, 59752, 59780, 164, 181, 9590, 10624, 12244, 13355, 21015, 21371, 23456, 25967, 28069, 30622, 30651, 32693, 34122, 39265, 40408, 43453, 44058, 46524, 47829, 52539, 55709, 56299), ]
train <- train[-c(), ]
train <- train[-c(), ]
train <- train[-c(), ]
train <- train[-c(), ]
train <- train[-c(721, 4791, 10628, 29173, 34462, 39825, 43006, 43542, 48779, 52769, 56847, 57043, 13810), ]
train <- train[-c(), ]
train <- train[-c(9829, 12909, 14654, 26133, 37282, 38043, 38478, 39500, 42037, 43988, 48807, 52925, 26063), ]
train <- train[-c(), ]
train <- train[-c(), ]
train <- train[-c(), ]
